"VIP_scores","VIP_coefficient"
6.96641080150802,229108.614137759
0.0407760533069004,1341.02701223549
0.0908358329233359,-2987.37361147428
0.0262162591269529,-862.190153235344
0.0915575211980248,-3011.10821529892
0.0132230262476782,434.87375416577
0.00687429368197449,226.079102069633
0.0942180163969298,-3098.60554861859
0.0799009836224094,-2627.75253248219
0.0767329863673556,-2523.56466854794
0.0309124360915873,-1016.63619823173
0.150337351162319,-4944.23644532769
0.0762919761026733,2509.06089415955
0.0900102141971559,2960.22098330594
0.0372688189206905,1225.68244922079
0.151287144148981,-4975.47286837136
0.0244274994825757,-803.362120432554
0.347869588644844,-11440.5999912953
0.0188694410861405,-620.570853482242
0.136177228292467,4478.54382122493
0.0652450516004861,-2145.75392945505
0.0208546313920739,685.859021629554
0.0394000969176797,-1295.77509264152
0.0775878539793713,-2551.67922271948
0.0995850524373888,3275.11454647883
0.0366956421205464,-1206.83203312007
0.0800052738415789,-2631.18238872565
0.0368469091709112,-1211.80684515187
0.038381540981045,-1262.27722039236
0.0650942160450027,-2140.79330825941
0.128515806824693,4226.57796609232
0.114972858211845,-3781.18272937204
0.129271815720479,4251.44129318063
0.00544301119527272,-179.007639258841
0.0690675043468826,-2271.46527153444
0.00592733083842468,194.935755673999
0.0846346604692599,2783.43185904776
0.0366888598373599,1206.60898002346
0.0181971415907028,-598.460528657312
0.0851078179115246,2798.99287733321
0.0691629811260765,-2274.60527478529
0.103473161419155,-3402.98516533988
0.0851975333044389,-2801.94340234862
1.03219740656339,-33946.507616682
0.0639721314831732,-2103.89062677377
0.117717958690538,-3871.4625282903
0.0759164883286014,-2496.71199800708
0.0284755002672176,-936.491198837909
0.0663916587193083,-2183.46309927561
0.0708885236614918,-2331.35424784889
